uuid: 22cdf969-3cde-38b5-bf42-29f1712cf7e7
timestamps:
  login: 1585080637203
  logout: 1585080684581
  lastteleport: 1440975847238
ipAddress: 127.0.0.1
lastlocation:
  world: kevlar
  x: -107.3787992715931
  y: 49.0
  z: 745.3000000119209
  yaw: -241.04666
  pitch: -6.599977
logoutlocation:
  world: kevlar
  x: 165.4081625936471
  y: 104.90929146954238
  z: 369.46803638596697
  yaw: 327.30124
  pitch: 52.8
afk: false
