uuid: 22cdf969-3cde-38b5-bf42-29f1712cf7e7
timestamps:
  login: 1440972932251
  logout: 1440972633780
  lastteleport: 1440975847238
ipAddress: 127.0.0.1
lastlocation:
  world: kevlar
  x: -107.3787992715931
  y: 49.0
  z: 745.3000000119209
  yaw: -241.04666
  pitch: -6.599977
logoutlocation:
  world: kevlar
  x: -130.59774717998386
  y: 44.05257717408371
  z: 681.6999999880791
  yaw: -89.09741
  pitch: 2.8500528
afk: false
