uuid: 58facbf8-b619-37af-8c28-daebda1e0c67
timestamps:
  login: 1535309922022
  lastteleport: 1535258401434
  logout: 1535311126653
ipAddress: 71.63.248.232
lastlocation:
  world: kevlar
  x: -263.66827786493724
  y: 62.01999999910593
  z: 994.4584425392325
  yaw: 216.31396
  pitch: 21.091707
logoutlocation:
  world: kevlar
  x: -275.435410220387
  y: 73.63184181568168
  z: 1004.6069655752494
  yaw: 110.6875
  pitch: 59.075844
