uuid: 58facbf8-b619-37af-8c28-daebda1e0c67
timestamps:
  login: 1535407102852
  lastteleport: 1535407182054
  logout: 1535407278444
ipAddress: 24.21.68.237
lastlocation:
  world: kevlar
  x: -619.9928533690584
  y: 79.15473176351254
  z: 688.7942282042308
  yaw: 23.045788
  pitch: 28.827652
logoutlocation:
  world: kevlar
  x: 101.02550026726
  y: 107.6251380535016
  z: 66.8015704409439
  yaw: 77.20154
  pitch: 49.70524
afk: false
homes:
  home:
    world: kevlar
    x: -639.0477588992132
    y: 110.0
    z: 922.3517545653956
    yaw: 284.2884
    pitch: 31.057528
