uuid: 77fadf3a-749f-3193-9df3-8fb8c691ee79
timestamps:
  login: 1535397244680
  lastteleport: 1535400792087
  logout: 1535402688178
ipAddress: 73.240.14.81
lastlocation:
  world: kevlar
  x: -704.3000000119209
  y: 84.0
  z: 1019.3000000119209
  yaw: 133.36649
  pitch: 12.881728
logoutlocation:
  world: kevlar
  x: -639.8503028587494
  y: 148.58729454167394
  z: 929.4511066111395
  yaw: 108.85781
  pitch: 36.05578
afk: false
