uuid: 77fadf3a-749f-3193-9df3-8fb8c691ee79
timestamps:
  login: 1482101206828
  lastteleport: 1476605458858
  logout: 1482101788870
ipAddress: 73.240.14.81
lastlocation:
  world: kevlar
  x: -71.82833523110509
  y: 250.0
  z: 323.76826138400116
  yaw: -199.42102
  pitch: 4.591099
logoutlocation:
  world: kevlar
  x: -212.65686629465128
  y: 75.0
  z: 943.2453546096909
  yaw: -197.85022
  pitch: 6.6086464
