uuid: 88840752-7d22-3bef-8f97-b26abbb573d2
timestamps:
  login: 1535407174352
  lastteleport: 1535407243010
  logout: 1535407253444
ipAddress: 73.96.87.228
lastlocation:
  world: kevlar
  x: -644.9886817802991
  y: 80.10925926346748
  z: 691.0091682291265
  yaw: 11.662201
  pitch: 10.260177
logoutlocation:
  world: kevlar
  x: 90.67251223070676
  y: 101.0
  z: 89.28263229004757
  yaw: 65.04822
  pitch: 40.866783
