uuid: cd3380bb-9a91-3be9-8d2f-225a88e3a5af
timestamps:
  login: 1493325599965
  lastteleport: 1493327234806
  logout: 1493328155375
ipAddress: 10.42.0.154
lastlocation:
  world: kevlar
  x: 99.75233158512782
  y: 81.15610485755866
  z: 739.3127887176519
  yaw: 73.06366
  pitch: 6.1498923
logoutlocation:
  world: kevlar
  x: 102.04274125466536
  y: 75.67177136425263
  z: 582.1027906823225
  yaw: -117.89404
  pitch: 25.800055
afk: false
godmode: false
money: '50'
