uuid: 7c3f6b8d-2d5f-3467-ab96-6a8af4f58ffb
timestamps:
  login: 1585204989940
  lastteleport: 1585207320730
  logout: 1585207881128
ipAddress: 127.0.0.1
lastlocation:
  world: kevlar
  x: -73.69551983941346
  y: 250.0
  z: 326.0650084546721
  yaw: -5.250012
  pitch: 19.649998
logoutlocation:
  world: kevlar
  x: -405.76431841927734
  y: 71.62636195225357
  z: 760.1011552657588
  yaw: 247.26862
  pitch: 0.74996305
afk: false
godmode: false
money: '50'
