uuid: 7c3f6b8d-2d5f-3467-ab96-6a8af4f58ffb
timestamps:
  login: 1585347397028
  lastteleport: 1585119868241
  logout: 1585350920975
ipAddress: 127.0.0.1
lastlocation:
  world: kevlar
  x: -110.48454307812719
  y: 252.52936759557844
  z: 326.3510088553431
  yaw: 24.299744
  pitch: 74.549934
logoutlocation:
  world: kevlar
  x: 129.16255861257963
  y: 64.0
  z: 580.5783110507101
  yaw: 276.38583
  pitch: -8.249986
afk: false
godmode: false
money: '50'
