uuid: 7c3f6b8d-2d5f-3467-ab96-6a8af4f58ffb
timestamps:
  login: 1585094061906
  lastteleport: 1585025082487
  logout: 1585097549579
ipAddress: 127.0.0.1
lastlocation:
  world: kevlar
  x: -72.5
  y: 250.0
  z: 324.5
  yaw: 0.0
  pitch: 0.0
logoutlocation:
  world: kevlar
  x: -76.63515032978327
  y: 252.52936759557844
  z: 309.4626930288208
  yaw: 224.6998
  pitch: 56.249973
afk: false
godmode: false
money: '50'
