uuid: f4739e5b-c342-32fb-a61f-7842055a8b09
timestamps:
  login: 1584769270015
  logout: 1546567624048
  lastteleport: 1546402013035
ipAddress: 192.168.0.134
lastlocation:
  world: kevlar
  x: -32.13726677754272
  y: 97.6293559654544
  z: 764.7119637849153
  yaw: 20.576538
  pitch: 60.149998
logoutlocation:
  world: kevlar
  x: 49.0266531181618
  y: 115.0
  z: 1217.9646233767714
  yaw: -253.56567
  pitch: 32.69985
godmode: false
afk: false
