uuid: f4739e5b-c342-32fb-a61f-7842055a8b09
timestamps:
  login: 1536524603057
  logout: 1535651091888
  lastteleport: 1535602535744
ipAddress: 192.168.1.1
lastlocation:
  world: kevlar
  x: 169.8583078876536
  y: 82.11265482239999
  z: 731.795806518851
  yaw: 247.37935
  pitch: 32.100025
logoutlocation:
  world: kevlar
  x: -109.58875042806527
  y: 82.09406209721213
  z: 656.2753645227808
  yaw: 265.13632
  pitch: -8.850053
godmode: false
afk: false
