uuid: f4739e5b-c342-32fb-a61f-7842055a8b09
timestamps:
  login: 1584941596022
  logout: 1584945556071
  lastteleport: 1584941106278
ipAddress: 192.168.0.134
lastlocation:
  world: kevlar
  x: -71.86153172898814
  y: 73.0
  z: 819.5134441736875
  yaw: -49.48065
  pitch: 33.59753
logoutlocation:
  world: kevlar
  x: -70.91685184394157
  y: 81.7340332296762
  z: 841.0661470604103
  yaw: -200.49036
  pitch: 12.8675785
godmode: false
afk: false
