uuid: f4739e5b-c342-32fb-a61f-7842055a8b09
timestamps:
  login: 1535508348994
  logout: 1535508557232
  lastteleport: 1535508293288
ipAddress: 192.168.1.112
lastlocation:
  world: kevlar
  x: 164.6578788835971
  y: 81.15383663523454
  z: 727.0144743661062
  yaw: -25.470581
  pitch: 27.900007
logoutlocation:
  world: kevlar
  x: -114.29378163168236
  y: 84.00305693624244
  z: 751.904921703285
  yaw: 60.45469
  pitch: 58.94999
godmode: false
afk: false
