uuid: f4739e5b-c342-32fb-a61f-7842055a8b09
timestamps:
  login: 1546399854449
  logout: 1546399968941
  lastteleport: 1546328966260
ipAddress: 127.0.0.1
lastlocation:
  world: kevlar
  x: -574.6999999880791
  y: 31.3667497592123
  z: 655.5660062522319
  yaw: -270.74695
  pitch: 1.0500444
logoutlocation:
  world: kevlar
  x: -236.10714821761226
  y: 95.76093475409601
  z: 803.3673840083694
  yaw: 120.756805
  pitch: 32.250023
godmode: false
afk: false
