uuid: f4739e5b-c342-32fb-a61f-7842055a8b09
timestamps:
  login: 1535261601134
  logout: 1535261625833
  lastteleport: 1535260744243
ipAddress: 192.168.1.112
lastlocation:
  world: kevlar
  x: 5.372880386630165
  y: 73.12793005451967
  z: 723.6999999880791
  yaw: -189.45003
  pitch: 26.549973
logoutlocation:
  world: kevlar
  x: -116.00636763026033
  y: 67.0
  z: 752.7001897420032
  yaw: 149.24957
  pitch: -13.800008
godmode: false
afk: false
