uuid: 1c85e786-3a54-3030-9b0e-0110459f12f8
timestamps:
  login: 1535427129184
  lastteleport: 1535423348296
  logout: 1535427765945
ipAddress: 24.22.82.26
lastlocation:
  world: kevlar
  x: 71.71044139756977
  y: 87.89478554969409
  z: 116.41522904440433
  yaw: -5.5380726
  pitch: 38.92027
logoutlocation:
  world: kevlar
  x: 61.96446205476358
  y: 92.79055212721693
  z: 720.9807630836658
  yaw: 136.20398
  pitch: 33.850285
afk: false
