uuid: 1c85e786-3a54-3030-9b0e-0110459f12f8
timestamps:
  login: 1535586809847
  lastteleport: 1535513558191
  logout: 1535586837226
ipAddress: 24.22.82.26
lastlocation:
  world: kevlar
  x: -303.95555734354457
  y: 91.0
  z: 449.48445966548434
  yaw: -119.3833
  pitch: 5.6984816
logoutlocation:
  world: kevlar
  x: -311.78854982056936
  y: 78.76810877322033
  z: 462.98172753083196
  yaw: 96.33176
  pitch: 38.003784
afk: false
