uuid: 1c85e786-3a54-3030-9b0e-0110459f12f8
timestamps:
  login: 1535308191367
  lastteleport: 1535310049905
  logout: 1535311141653
ipAddress: 24.22.82.26
lastlocation:
  world: kevlar
  x: 130.69999998807907
  y: 66.0
  z: 261.3357939783492
  yaw: 1.9998355
  pitch: -1.0768456
logoutlocation:
  world: kevlar
  x: -239.71829289494147
  y: 86.0
  z: 1008.5580631278692
  yaw: 169.4444
  pitch: 37.38844
