uuid: 62738b54-f1dd-3357-976f-6f4c3053b306
timestamps:
  login: 1546322408550
  logout: 1546330136447
  lastteleport: 1546328040560
ipAddress: 127.0.0.1
lastlocation:
  world: kevlar
  x: 78.36231838678239
  y: 8.0
  z: 776.8262919801782
  yaw: 31.5047
  pitch: 17.850012
logoutlocation:
  world: kevlar
  x: -329.6656577804023
  y: 85.60341961786378
  z: 824.7649468546531
  yaw: -192.44568
  pitch: -4.500022
money: '3'
godmode: false
afk: false
