uuid: 62738b54-f1dd-3357-976f-6f4c3053b306
timestamps:
  login: 1584940379674
  logout: 1584946433564
  lastteleport: 1584944884673
ipAddress: 192.168.0.197
lastlocation:
  world: kevlar
  x: -34.60849602618819
  y: 79.11574850189943
  z: 860.9370389547959
  yaw: 144.52325
  pitch: 2.8114984
logoutlocation:
  world: kevlar
  x: -85.26975730673661
  y: 72.5882549013172
  z: 444.9912087854477
  yaw: -44.38483
  pitch: 37.649994
money: '3'
godmode: false
afk: false
