uuid: 62738b54-f1dd-3357-976f-6f4c3053b306
timestamps:
  login: 1535256058447
  logout: 1535261635830
  lastteleport: 1535261445489
ipAddress: 192.168.1.39
lastlocation:
  world: kevlar
  x: -77.13185347933089
  y: 91.9893559684967
  z: 653.4952001853326
  yaw: -346.32196
  pitch: 26.70002
logoutlocation:
  world: kevlar
  x: -106.89815240757503
  y: 82.7311953492059
  z: 637.759459055403
  yaw: -208.80066
  pitch: 12.450006
money: '3'
godmode: false
afk: false
