uuid: 62738b54-f1dd-3357-976f-6f4c3053b306
timestamps:
  login: 1535514930338
  logout: 1535514939730
  lastteleport: 1535347026518
ipAddress: 192.168.1.70
lastlocation:
  world: kevlar
  x: -640.206383177142
  y: 106.92818919906111
  z: 838.1239395174008
  yaw: -69.7406
  pitch: 29.972485
logoutlocation:
  world: kevlar
  x: -85.44349537094551
  y: 73.617562640463
  z: 313.22550738948513
  yaw: 166.3531
  pitch: 50.550003
money: '3'
godmode: false
afk: false
