uuid: 62738b54-f1dd-3357-976f-6f4c3053b306
timestamps:
  login: 1585100674704
  logout: 1585100834579
  lastteleport: 1585100768283
ipAddress: 192.168.0.100
lastlocation:
  world: kevlar
  x: -226.5
  y: 84.0
  z: 685.5
  yaw: 163.49997
  pitch: 14.249992
logoutlocation:
  world: kevlar
  x: 71.56857820033133
  y: 34.0
  z: 563.1774521488527
  yaw: -168.30023
  pitch: -12.600004
money: '3'
godmode: false
afk: false
