uuid: 62738b54-f1dd-3357-976f-6f4c3053b306
timestamps:
  login: 1535261869948
  logout: 1535261926034
  lastteleport: 1535261445489
ipAddress: 192.168.1.39
lastlocation:
  world: kevlar
  x: -77.13185347933089
  y: 91.9893559684967
  z: 653.4952001853326
  yaw: -346.32196
  pitch: 26.70002
logoutlocation:
  world: kevlar
  x: -97.80634525088192
  y: 84.62805219074109
  z: 676.3012173893466
  yaw: 210.14932
  pitch: 65.399994
money: '3'
godmode: false
afk: false
