uuid: 62738b54-f1dd-3357-976f-6f4c3053b306
timestamps:
  login: 1546402851579
  logout: 1546404378325
  lastteleport: 1546403421081
ipAddress: 127.0.0.1
lastlocation:
  world: kevlar
  x: -338.00210249788444
  y: 69.42991056257122
  z: 432.39952988419213
  yaw: 232.20496
  pitch: 6.149969
logoutlocation:
  world: kevlar
  x: -209.8186914018839
  y: 96.9468230862541
  z: 977.6156550701937
  yaw: 241.5039
  pitch: -20.40001
money: '3'
godmode: false
afk: false
