uuid: 62738b54-f1dd-3357-976f-6f4c3053b306
timestamps:
  login: 1535345648268
  logout: 1535348574308
  lastteleport: 1535347026518
ipAddress: 192.168.1.70
lastlocation:
  world: kevlar
  x: -640.206383177142
  y: 106.92818919906111
  z: 838.1239395174008
  yaw: -69.7406
  pitch: 29.972485
logoutlocation:
  world: kevlar
  x: -103.49751875702263
  y: 93.09243603831189
  z: 336.33692774020335
  yaw: -97.496826
  pitch: 16.949953
money: '3'
godmode: false
afk: false
