uuid: 62738b54-f1dd-3357-976f-6f4c3053b306
timestamps:
  login: 1535739617841
  logout: 1535739696567
  lastteleport: 1535347026518
ipAddress: 192.168.1.70
lastlocation:
  world: kevlar
  x: -640.206383177142
  y: 106.92818919906111
  z: 838.1239395174008
  yaw: -69.7406
  pitch: 29.972485
logoutlocation:
  world: kevlar
  x: -136.6999999880791
  y: 120.02882136364914
  z: 356.69999998807907
  yaw: -108.44763
  pitch: 74.54997
money: '3'
godmode: false
afk: false
