uuid: a55aa0d5-851c-363a-9b6f-f56fd5842a3d
timestamps:
  login: 1535751279798
  lastteleport: 1535679955525
  logout: 1535752271568
ipAddress: 69.166.47.136
lastlocation:
  world: kevlar
  x: -95.5
  y: 64.0
  z: 667.5
  yaw: -69.74544
  pitch: -2.250043
logoutlocation:
  world: kevlar
  x: -113.88464433235598
  y: 69.08809509114536
  z: 644.335280610901
  yaw: 111.62891
  pitch: 38.400036
afk: false
