uuid: a55aa0d5-851c-363a-9b6f-f56fd5842a3d
timestamps:
  login: 1585505356910
  lastteleport: 1585080168608
  logout: 1585505378470
ipAddress: 127.0.0.1
lastlocation:
  world: kevlar
  x: 131.5
  y: 66.0
  z: 256.5
  yaw: -2.25
  pitch: 2.55
logoutlocation:
  world: kevlar
  x: -146.2558936402467
  y: 145.39183298659293
  z: 634.0876896498809
  yaw: -88.657745
  pitch: 22.350014
afk: false
godmode: true
