uuid: a55aa0d5-851c-363a-9b6f-f56fd5842a3d
timestamps:
  login: 1585094320633
  lastteleport: 1585080168608
  logout: 1585094582080
ipAddress: 127.0.0.1
lastlocation:
  world: kevlar
  x: 131.5
  y: 66.0
  z: 256.5
  yaw: -2.25
  pitch: 2.55
logoutlocation:
  world: kevlar
  x: -191.07306664915563
  y: 71.85155533097391
  z: 563.2733284152622
  yaw: 10.595734
  pitch: -1.0499725
afk: false
godmode: true
