uuid: a55aa0d5-851c-363a-9b6f-f56fd5842a3d
timestamps:
  login: 1535589671257
  lastteleport: 1535594907633
  logout: 1535595267227
ipAddress: 69.166.47.136
lastlocation:
  world: kevlar
  x: -161.32277490978962
  y: 103.05871676124443
  z: 829.6638619037991
  yaw: -151.34561
  pitch: 25.649977
logoutlocation:
  world: kevlar
  x: -241.25150963812249
  y: 108.3114187696367
  z: 453.1036278415261
  yaw: -138.44524
  pitch: 42.450005
afk: false
