uuid: a55aa0d5-851c-363a-9b6f-f56fd5842a3d
timestamps:
  login: 1546902809584
  lastteleport: 1546739742854
  logout: 1546905105209
ipAddress: 127.0.0.1
lastlocation:
  world: kevlar
  x: -70.36269810879739
  y: 64.0
  z: 657.5079911403396
  yaw: 90.158264
  pitch: 61.649998
logoutlocation:
  world: kevlar
  x: -105.26372763490183
  y: 81.12625655424364
  z: 653.6167583561415
  yaw: 222.2622
  pitch: 14.100079
afk: false
godmode: true
