uuid: a55aa0d5-851c-363a-9b6f-f56fd5842a3d
timestamps:
  login: 1585115627556
  lastteleport: 1585080168608
  logout: 1585120270782
ipAddress: 127.0.0.1
lastlocation:
  world: kevlar
  x: 131.5
  y: 66.0
  z: 256.5
  yaw: -2.25
  pitch: 2.55
logoutlocation:
  world: kevlar
  x: -247.83711364428905
  y: 76.92831920539344
  z: 629.0104104710215
  yaw: 238.1919
  pitch: 25.650013
afk: false
godmode: true
