uuid: a55aa0d5-851c-363a-9b6f-f56fd5842a3d
timestamps:
  login: 1535256223691
  lastteleport: 1535259362597
  logout: 1535256210830
ipAddress: 69.166.47.136
lastlocation:
  world: kevlar
  x: -192.78027285393492
  y: 64.0
  z: 731.1445249923407
  yaw: -64.04558
  pitch: 24.299988
logoutlocation:
  world: kevlar
  x: 131.5
  y: 66.0
  z: 256.5
  yaw: -4.3500004
  pitch: 4.95
