uuid: a55aa0d5-851c-363a-9b6f-f56fd5842a3d
timestamps:
  login: 1535333479056
  lastteleport: 1535335463450
  logout: 1535341571795
ipAddress: 69.166.47.136
lastlocation:
  world: kevlar
  x: -43.331180411727225
  y: 51.43170385353905
  z: 524.4475475550105
  yaw: -28.858307
  pitch: 14.099973
logoutlocation:
  world: kevlar
  x: 412.49301296846556
  y: 97.52936759557846
  z: 562.7194417490033
  yaw: 124.39142
  pitch: 52.05002
afk: false
