uuid: a55aa0d5-851c-363a-9b6f-f56fd5842a3d
timestamps:
  login: 1585796595071
  lastteleport: 1585797326412
  logout: 1585797706462
ipAddress: 127.0.0.1
lastlocation:
  world: kevlar
  x: -108.45265586440664
  y: 95.85344134042246
  z: 377.38702580465457
  yaw: 36.164032
  pitch: 10.499995
logoutlocation:
  world: kevlar
  x: -191.5
  y: 73.0
  z: 525.5
  yaw: -269.9236
  pitch: 13.949958
afk: false
godmode: true
