world: kevlar
x: -216.08409963167574
y: 92.77883368112337
z: 588.2993756318419
yaw: -215.0957
pitch: 37.95002
name: airport
