world: kevlar
x: -202.5467145311756
y: 64.0
z: 529.1463969334866
yaw: 51.52588
pitch: 7.949958
name: airport
