world: kevlar
x: -26.873942676335677
y: 87.0
z: 623.8686708433448
yaw: -178.49548
pitch: 19.500013
name: church
