world: kevlar
x: -170.5797868056466
y: 52.0
z: 540.5393862209363
yaw: -355.5091
pitch: 2.39993
name: temp1
