world: kevlar
x: -170.0552179795656
y: 52.0
z: 519.605660226848
yaw: -184.50885
pitch: 10.949944
name: temp2
