world: kevlar
x: -138.8371270140247
y: 73.0
z: 764.5525626124244
yaw: 92.70361
pitch: 32.399963
name: tree
